0 1 16 87 0 0 0 0 0 0 0 0 0 0 1
0 0 18 94 0 1 0 0 0 0 0 0 0 0 1
0 0 10 80 1 0 0 0 0 0 0 0 0 0 0
0 0 16 87 0 0 0 0 0 0 0 0 0 0 1
1 0 13 93 1 0 0 0 0 0 0 0 0 0 1
0 0 10 88 0 1 0 0 0 0 1 0 0 0 1
1 1 18 97 0 0 0 0 0 0 0 1 0 0 1
1 0 12 87 0 1 0 0 0 0 0 0 0 0 1
1 0 12 91 0 0 0 0 0 0 0 0 1 0 1
0 0 18 94 0 0 0 0 0 0 0 0 0 0 1
0 0 9 78 0 0 0 0 0 1 0 0 0 0 1
1 0 18 86 0 0 0 0 0 0 0 0 1 0 1
1 0 18 85 0 0 0 0 0 1 0 0 1 0 1
0 0 17 76 0 0 0 0 0 1 0 0 1 0 0
0 0 14 84 0 0 0 0 0 1 0 1 0 0 1
0 0 18 77 0 1 0 0 0 0 0 0 0 0 1
1 0 19 93 1 0 0 0 0 0 0 0 0 0 1
1 0 18 90 0 0 0 0 0 0 0 1 0 0 1
0 0 20 96 1 0 0 0 0 0 0 0 0 0 1
0 0 18 90 0 0 0 0 0 0 0 0 0 0 1
0 0 12 89 1 0 0 0 0 0 0 0 0 0 1
0 0 18 86 0 0 0 0 0 0 0 0 0 0 1
1 0 14 84 1 0 0 0 0 0 0 0 0 0 1
0 0 18 86 1 0 0 0 0 0 0 0 0 0 1
0 0 16 89 0 0 0 0 0 0 0 0 0 0 1
1 0 16 99 1 0 0 0 0 0 0 0 0 0 0
0 0 18 99 1 0 0 0 0 0 0 0 0 1 1
0 0 20 97 0 0 0 0 0 0 0 0 0 0 1
0 1 14 91 0 0 0 0 1 0 0 0 0 0 1
0 1 16 90 1 0 0 0 0 0 0 0 0 0 1
0 0 18 79 1 0 0 0 0 0 0 0 0 0 1
0 0 12 93 0 1 0 0 0 0 0 0 0 0 1
1 0 20 94 1 0 0 0 0 0 0 0 0 0 1
0 0 20 88 0 0 0 0 0 0 0 0 0 0 1
1 0 13 82 0 0 0 0 0 1 0 1 0 0 1
0 0 20 90 1 0 0 0 0 0 0 0 0 0 1
0 1 16 83 0 0 0 0 0 0 0 0 0 0 0
1 0 13 83 0 0 0 0 0 1 0 1 0 0 1
0 0 20 83 1 0 0 0 0 0 0 0 0 0 1
1 0 15 90 0 0 0 0 0 1 0 1 0 0 1
0 0 18 87 0 0 0 0 0 0 0 0 0 0 0
0 0 17 87 0 0 0 0 0 0 0 0 0 0 1
1 0 12 87 0 0 0 0 0 0 0 0 0 0 0
0 0 16 85 0 0 0 0 0 0 0 0 0 1 1
0 1 14 86 0 0 0 0 0 0 0 0 0 0 1
0 0 16 83 0 0 0 0 0 0 0 0 1 0 0
0 0 20 91 0 0 0 0 0 0 0 0 0 0 1
0 0 12 91 0 1 0 0 0 0 0 0 0 0 1
0 0 18 92 1 0 0 0 1 0 0 0 0 0 1
1 0 18 89 0 1 0 0 0 0 0 0 0 0 0
0 0 18 98 1 0 0 0 0 0 0 0 0 0 1
0 0 18 83 0 0 0 0 0 0 0 0 0 0 1
0 1 17 86 0 1 0 0 0 0 0 0 0 0 1
1 0 14 88 0 1 0 0 0 0 0 0 0 0 1
1 0 18 93 0 0 0 0 0 0 0 1 0 0 1
0 0 14 88 1 0 0 0 0 0 0 0 0 0 1
0 0 8 78 0 1 0 0 0 0 0 0 0 0 1
0 0 20 78 0 0 0 0 0 0 0 0 0 0 0
0 0 20 82 0 0 0 0 0 0 0 0 0 0 1
0 0 20 75 0 1 0 0 0 0 0 0 0 0 1
1 0 16 90 0 1 0 0 0 0 0 1 0 0 1
1 0 14 83 0 1 0 0 0 0 0 0 0 0 1
0 0 12 84 0 0 0 0 0 0 0 0 0 0 1
0 1 20 92 0 0 0 0 0 0 0 0 0 0 1
1 0 14 85 0 0 0 0 0 0 0 0 0 1 1
1 0 16 97 1 0 0 0 0 0 0 0 1 0 1
0 0 18 86 1 0 0 0 0 0 0 0 0 0 0
1 0 20 83 1 0 0 0 0 0 0 0 0 0 1
0 0 18 100 1 0 0 0 0 0 0 1 0 0 1
1 0 15 86 0 0 0 0 0 0 0 1 0 0 1
1 0 19 73 1 0 0 0 0 0 0 0 0 0 0
0 0 18 91 1 0 0 0 0 0 0 0 0 0 1
1 0 16 83 0 1 0 0 0 0 0 0 0 0 1
1 0 10 95 0 1 0 0 0 0 0 1 0 0 1
1 0 16 88 1 0 0 0 0 0 0 0 0 0 1
0 0 18 83 1 0 0 0 0 0 0 0 0 0 1
0 0 20 88 0 0 0 0 0 0 0 0 0 0 1
0 0 18 91 1 0 0 0 0 0 0 0 0 0 0
0 0 20 93 0 0 0 0 0 0 0 0 0 0 1
0 0 20 84 0 0 0 0 0 0 0 0 0 0 0
0 0 20 86 0 0 0 0 0 0 0 0 0 0 0
0 0 18 86 0 0 0 0 0 0 0 0 0 0 1
1 0 14 90 1 0 0 0 0 0 0 0 1 0 0
0 0 17 83 0 0 0 0 0 0 0 0 0 0 1
1 0 20 77 1 0 0 0 0 0 0 1 0 0 0
0 0 16 86 0 0 0 0 0 0 0 0 0 0 1
1 0 18 95 1 0 0 0 0 0 0 1 0 0 1
0 0 15 99 1 0 0 0 0 0 0 0 0 0 0
1 0 13 78 0 1 0 0 0 0 0 0 0 0 1
0 0 12 94 1 0 0 0 0 0 0 0 0 0 1
0 0 14 92 1 0 0 0 0 0 0 1 0 0 1
1 0 18 72 0 1 0 0 0 0 0 0 0 0 1
0 0 16 100 0 1 0 0 0 0 0 0 0 0 1
0 0 12 86 1 0 0 0 0 0 0 0 0 0 1
0 0 16 93 1 0 0 0 0 0 0 0 0 0 1
0 0 17 87 0 0 0 0 0 0 0 0 0 0 1
1 0 13 93 1 0 0 0 0 0 0 0 0 0 1
1 0 17 90 0 0 0 0 0 0 0 0 0 0 1
0 0 16 88 1 0 0 0 0 0 0 0 0 0 1
0 0 20 92 1 0 0 0 0 1 0 0 0 0 1
0 0 18 84 0 1 0 0 0 0 0 0 0 0 1
1 0 18 85 0 0 0 0 0 0 0 0 0 0 1
0 0 16 89 0 1 0 0 0 0 0 0 0 0 1
0 1 13 102 1 0 0 0 0 0 0 0 0 0 1
1 0 16 84 1 0 0 0 0 0 0 0 0 0 0
1 0 17 91 0 0 0 0 0 0 0 0 0 0 1
1 0 18 83 0 0 0 0 0 0 0 0 0 0 1
0 0 18 86 0 0 0 0 0 0 0 0 0 0 1
0 0 19 87 1 0 0 0 0 0 0 0 0 0 1
1 0 14 87 0 0 0 0 0 0 0 0 0 1 1
0 0 20 77 1 0 0 0 0 0 0 0 0 0 0
0 0 16 93 1 0 0 0 0 0 0 1 0 0 1
1 0 12 76 1 0 0 0 0 0 0 0 0 0 1
1 0 14 85 0 1 0 0 0 0 0 1 0 0 0
1 0 14 91 0 0 0 0 0 0 0 1 0 0 1
1 0 16 93 0 0 0 0 0 0 0 0 0 0 1
0 0 16 90 1 0 0 0 0 0 0 0 0 0 0
0 0 16 99 1 0 0 0 0 0 0 0 0 0 1
0 0 18 91 0 1 0 0 0 0 0 0 0 0 1
1 0 12 93 0 1 0 0 0 0 0 1 0 0 1
0 0 18 92 1 0 0 0 0 0 0 0 0 0 1
1 0 18 90 0 0 0 0 0 0 0 1 0 0 1
0 0 16 74 1 0 0 0 1 0 0 0 0 0 1
1 1 16 84 1 0 0 0 0 0 0 0 1 0 1
1 0 18 79 1 0 0 0 0 0 0 0 0 0 1
1 0 13 85 0 0 0 0 0 0 0 0 0 0 1
0 0 18 75 0 1 0 0 0 0 0 0 0 0 1
0 0 18 77 1 0 0 0 0 0 0 0 0 0 0
0 0 16 97 0 1 0 0 0 0 0 1 0 0 1
1 0 18 96 1 0 0 0 0 0 0 0 0 0 1
0 0 4 87 0 1 0 0 0 0 0 0 0 0 1
0 0 18 80 0 1 0 0 0 0 0 0 0 0 1
0 0 18 98 1 0 0 0 0 0 0 0 0 0 1
1 0 18 90 0 0 0 0 0 0 0 0 0 0 1
1 0 17 95 1 0 0 0 0 0 0 1 0 0 1
1 0 12 92 1 0 0 0 0 0 0 0 0 0 1
1 0 10 93 0 1 0 0 0 0 0 1 0 0 0
1 0 16 87 0 0 0 0 0 0 0 0 0 0 1
0 0 20 92 0 0 0 0 0 0 0 0 0 0 1
0 0 18 73 1 0 0 0 0 0 0 0 0 0 1
0 0 20 90 0 0 0 0 0 0 0 0 0 0 1
0 0 16 101 1 0 0 0 0 0 0 0 0 0 1
0 0 16 94 1 0 0 0 0 1 0 1 0 0 1
1 0 15 80 1 0 0 0 0 0 0 0 0 0 1
1 0 10 86 0 0 0 0 0 0 0 0 0 0 1
1 0 16 84 1 0 0 0 0 0 0 0 0 0 1
0 0 20 82 1 0 0 0 0 0 0 0 0 0 1
1 0 6 91 0 0 0 0 0 0 0 0 0 1 1
1 0 14 84 1 0 0 0 0 0 0 1 0 0 1
0 0 20 83 0 0 0 0 0 0 0 0 0 0 1
1 0 13 91 0 0 0 0 0 0 0 0 0 0 1
0 0 14 98 0 0 0 0 0 0 0 0 0 0 1
0 0 20 98 0 1 0 0 0 0 0 0 0 0 1
0 0 16 79 1 0 0 0 0 0 0 0 0 0 1
1 0 19 83 0 0 0 0 0 0 0 0 0 0 1
0 0 12 75 1 0 0 0 0 0 0 0 0 0 1
0 1 18 83 1 0 0 0 0 0 0 0 0 0 1
0 0 20 84 1 0 0 0 1 0 0 0 0 0 1
0 0 12 91 0 0 0 0 0 0 0 0 0 0 1
1 0 10 89 1 0 0 0 0 0 0 0 0 0 1
0 0 10 78 1 0 0 0 0 0 0 0 0 0 0
0 0 16 78 0 1 0 0 0 0 0 0 0 0 1
0 0 16 80 1 0 0 0 0 0 0 0 0 0 0
0 0 16 87 1 0 0 0 0 0 0 0 0 0 1
0 0 16 92 1 0 0 0 0 0 0 0 1 0 1
0 0 16 89 1 0 0 0 1 0 0 0 0 0 1
0 0 12 100 1 0 0 0 0 0 0 0 0 0 1
0 1 16 92 1 0 0 0 0 0 0 0 0 0 1
0 0 18 97 0 0 0 0 0 0 0 0 0 0 1
0 0 10 91 1 0 0 0 0 0 0 0 0 0 1
0 0 14 89 0 0 0 0 0 0 0 0 0 0 1
1 0 20 101 0 1 0 0 0 0 0 0 0 1 1
0 0 16 69 0 1 0 0 0 0 0 0 0 0 1
1 0 13 86 0 0 0 0 0 0 0 0 0 0 1
0 0 16 97 0 0 0 0 0 0 0 0 0 0 1
0 0 19 91 1 0 0 0 0 0 0 0 0 0 0
0 0 16 95 0 1 0 0 0 0 0 0 0 0 1
1 0 16 90 0 0 0 0 0 0 0 0 0 0 1
0 0 20 95 0 0 0 0 0 0 0 0 0 0 1
0 0 19 84 1 0 0 0 0 0 0 0 0 0 1
0 0 16 84 0 0 0 0 0 0 0 0 0 0 1
0 0 16 93 0 1 0 0 0 0 0 0 0 0 1
1 0 16 83 0 0 0 0 0 0 0 0 0 0 1
0 0 18 81 0 1 0 0 0 0 0 0 0 0 1
1 0 14 88 1 0 0 0 0 0 0 0 0 0 1
1 0 18 83 1 0 0 0 0 0 0 1 0 0 1
0 0 16 89 1 0 0 0 0 0 0 0 0 0 1
0 0 16 82 0 0 0 0 0 0 0 0 1 0 1
0 0 17 89 0 1 0 0 0 0 0 0 0 0 1
1 0 14 77 1 0 0 0 0 0 0 0 0 0 1
0 0 16 82 0 1 0 0 0 0 0 0 0 0 1
1 0 14 96 0 1 0 0 0 0 0 1 0 0 1
0 0 17 88 1 0 0 0 0 0 0 0 0 0 1
0 1 20 88 0 0 0 0 0 0 0 0 0 0 1
0 0 14 97 1 0 0 0 0 0 0 0 0 0 0
0 0 16 86 0 1 0 0 0 0 0 0 0 0 1
0 0 12 84 0 1 0 0 0 0 0 0 0 0 1
0 0 13 91 1 0 0 0 0 0 0 0 0 0 1
0 1 18 81 1 0 0 0 0 0 0 0 0 0 1
1 0 14 89 0 0 0 0 0 0 0 0 0 0 1
0 0 16 88 1 0 0 0 0 0 0 0 0 1 1
0 0 16 92 0 1 0 0 0 0 0 0 0 0 1
1 0 14 94 0 0 0 0 0 0 0 1 0 0 0
0 0 18 85 0 0 0 0 0 0 0 0 0 0 1
0 0 17 87 1 0 0 0 0 0 0 0 0 0 1
1 0 16 83 1 0 0 0 0 1 0 0 0 0 1
1 0 17 84 0 0 0 0 0 0 0 0 0 0 1
1 1 20 69 0 1 0 0 0 0 0 0 1 0 1
0 0 18 88 0 0 0 0 0 0 0 0 0 0 1
1 0 16 87 0 1 0 0 1 0 0 0 0 0 1
0 0 20 91 0 1 0 0 0 0 0 0 0 0 1
1 0 15 88 0 1 0 0 0 0 0 0 0 0 1
0 0 15 83 1 0 0 0 0 0 0 0 0 0 1
0 1 16 92 1 0 0 0 0 0 0 0 0 0 1
1 0 16 81 1 0 0 0 0 0 0 0 0 0 1
1 0 20 88 0 0 0 0 0 0 0 0 0 0 1
0 0 14 92 1 0 0 0 0 0 0 0 0 0 0
1 0 13 85 0 0 0 0 0 0 0 0 0 0 1
0 0 15 83 1 0 0 0 0 0 0 0 0 0 1
1 0 16 84 1 0 0 0 0 0 0 0 0 0 0
0 1 16 93 1 0 0 0 0 0 0 0 0 0 0
1 0 17 97 0 1 0 0 0 0 0 0 0 0 1
1 0 16 98 1 0 0 0 0 0 0 1 0 0 1
1 0 12 96 1 0 0 0 0 0 0 0 0 0 1
0 0 14 87 1 0 0 0 0 0 0 0 0 0 1
0 0 18 81 0 1 0 0 0 0 0 0 0 0 1
0 0 17 76 1 0 0 0 0 0 0 0 0 0 0
0 0 16 89 0 0 0 0 0 0 0 0 0 0 1
1 0 14 100 0 1 0 0 0 0 0 0 0 0 0
0 0 7 88 0 0 0 0 0 0 0 0 0 0 1
0 0 11 90 1 0 0 0 0 1 0 0 0 0 1
0 0 18 86 1 0 0 0 0 0 0 0 1 0 0
0 0 20 94 1 0 0 0 0 0 0 0 0 0 1
0 0 12 91 1 0 0 0 0 0 0 0 0 0 1
1 0 16 74 1 0 0 0 0 0 0 0 1 0 1
1 0 16 89 0 0 0 0 0 0 0 0 0 0 0
1 0 18 92 1 0 0 0 0 0 0 1 0 0 1
1 0 14 88 0 0 0 0 0 0 0 0 0 0 1
0 0 16 92 1 0 0 0 0 0 0 0 0 0 1
0 1 18 82 0 0 0 0 0 0 0 0 0 0 1
0 1 19 86 0 0 0 0 0 0 0 0 0 0 0
0 1 20 74 1 0 0 0 0 0 0 0 0 0 0
0 0 20 92 1 0 0 0 0 0 0 0 0 0 1
0 0 16 93 1 0 0 0 0 0 0 0 0 0 1
0 0 20 98 0 0 0 0 0 0 0 0 0 0 1
0 0 16 92 0 1 0 0 0 0 0 0 0 0 1
0 0 12 75 1 0 0 0 0 0 0 0 0 0 0
0 0 12 96 0 1 0 0 0 0 0 0 0 0 1
1 0 14 98 0 0 0 0 0 0 0 0 0 0 1
0 0 20 84 1 0 0 0 0 0 0 0 0 0 0
0 0 12 97 0 0 0 0 0 0 0 0 0 0 1
0 0 11 94 0 1 0 0 0 0 0 0 0 0 1
1 0 16 85 0 0 0 0 0 0 0 0 0 0 1
0 0 16 87 1 0 0 0 0 0 0 0 0 0 1
0 0 18 75 1 0 0 0 0 0 0 0 0 0 0
0 0 20 67 1 0 0 0 0 0 0 0 0 0 0
0 0 11 101 1 0 0 0 0 0 0 0 1 0 0
0 0 17 98 1 0 0 0 0 0 0 0 0 0 1
1 1 14 79 1 0 0 0 0 0 0 0 0 0 1
0 0 20 81 1 0 0 0 0 0 0 0 0 0 1
1 0 13 94 0 0 0 0 0 0 0 0 0 0 1
1 0 12 95 0 1 0 0 0 0 0 0 0 1 1
1 0 11 95 1 0 0 0 0 1 0 1 0 0 1
0 0 16 85 0 0 0 0 0 0 0 0 0 1 1
0 0 19 92 1 0 0 0 0 0 0 0 0 0 1
0 0 16 95 1 0 0 0 0 0 0 0 0 0 1
1 0 12 93 0 0 0 0 0 0 0 0 0 0 1
1 1 18 91 1 0 0 0 0 0 0 0 0 0 1
1 0 13 99 0 1 0 0 0 0 0 0 0 0 0
0 0 20 84 0 0 0 0 0 0 0 0 0 0 1
0 0 18 85 0 0 0 0 0 0 0 0 0 0 0
1 0 16 90 0 1 0 0 0 0 0 0 0 0 1
1 0 14 88 1 0 0 0 0 0 0 0 0 0 0
1 0 20 86 0 0 0 0 0 0 0 0 0 0 1
0 0 18 97 1 0 0 0 0 0 0 0 1 0 1
0 0 18 83 0 0 0 0 0 0 0 0 0 1 1
0 1 16 77 1 0 0 0 0 0 0 0 1 0 1
0 0 20 89 0 1 0 0 0 0 0 0 0 0 1
1 0 16 83 0 0 0 0 0 0 0 0 1 0 0
1 0 12 86 0 0 0 0 0 0 0 0 1 0 1
0 0 18 100 0 1 0 0 0 0 0 0 0 0 1
0 0 20 90 0 0 0 0 0 0 0 1 0 0 1
0 0 12 88 0 1 0 0 0 0 0 0 0 0 1
0 0 12 83 0 0 0 0 0 0 0 0 0 0 1
0 0 14 90 0 0 0 0 0 0 0 0 0 1 1
0 0 13 90 1 0 0 0 0 0 0 0 0 0 1
0 0 18 87 0 0 0 0 0 0 0 0 1 0 1
0 0 16 92 1 0 0 0 0 0 0 0 0 0 0
1 0 10 84 0 0 0 0 0 0 0 1 0 0 1
1 0 18 67 1 0 0 0 0 0 0 0 0 0 1
0 0 14 70 1 0 0 0 0 0 0 0 0 0 1
0 0 18 81 1 0 0 0 0 0 0 0 0 0 1
0 0 20 93 1 0 0 0 0 0 0 0 0 0 1
0 0 15 100 0 0 0 0 0 0 0 0 0 0 1
0 0 20 94 0 1 0 0 0 0 0 0 0 0 1
0 1 20 81 1 0 0 0 0 0 0 0 0 0 1
0 0 16 86 0 0 0 0 0 0 0 0 0 0 1
1 0 16 90 0 0 0 0 0 0 0 0 0 0 0
0 0 17 82 0 0 0 0 0 0 0 0 0 0 1
1 0 16 82 0 0 0 0 0 0 0 0 0 0 0
1 0 7 97 0 0 0 0 0 1 0 1 0 0 1
1 0 13 83 0 1 0 0 0 0 0 0 0 0 0
1 1 18 86 1 0 0 0 0 0 0 0 0 0 1
1 0 12 93 0 0 0 0 0 0 0 1 0 0 1
0 0 18 75 0 0 0 0 0 0 0 0 0 0 1
0 0 15 89 0 1 0 0 0 0 0 0 0 0 1
0 0 16 95 0 0 0 0 0 0 0 0 0 1 1
0 0 20 86 1 0 0 0 1 0 0 0 0 0 1
1 0 18 84 0 1 0 0 0 0 0 0 0 0 1
1 0 12 89 1 0 0 0 0 0 0 1 0 0 1
0 0 19 84 0 0 0 0 0 0 0 0 0 0 1
0 0 12 88 0 1 0 0 0 0 0 0 0 0 1
1 0 12 86 0 0 0 0 0 0 0 1 0 0 1
0 0 14 81 1 0 0 0 0 0 0 0 0 1 0
0 0 16 76 1 0 0 0 0 0 0 0 0 0 1
1 0 19 72 1 0 0 0 0 0 0 0 0 0 0
0 0 18 97 0 0 0 0 0 0 0 1 0 0 1
0 0 14 84 0 1 0 0 0 1 0 0 0 0 1
0 0 16 89 0 0 0 0 0 0 0 0 0 0 1
0 0 20 84 1 0 0 0 0 0 0 0 0 0 1
0 0 19 92 0 0 0 0 0 0 0 1 0 0 0
0 0 16 91 0 0 0 0 0 0 0 1 0 0 1
0 0 18 93 1 0 0 0 0 0 0 0 0 0 1
0 1 14 87 0 1 0 0 0 0 0 0 0 0 1
0 1 20 91 1 0 0 0 0 0 0 0 0 0 1
0 1 16 86 1 0 0 0 0 0 0 0 0 0 1
1 0 16 92 1 0 0 0 0 0 0 0 0 0 1
0 0 14 91 1 0 0 0 0 0 0 0 0 0 1
1 0 17 98 0 0 0 0 0 0 0 0 0 0 1
0 0 14 90 0 0 0 0 0 0 0 1 0 0 1
1 0 12 85 0 1 0 0 0 0 0 0 0 0 1
1 0 14 89 0 0 0 0 0 0 0 1 0 0 1
1 0 18 77 1 0 0 0 0 0 0 0 0 0 1
0 0 14 76 1 0 0 0 0 0 0 0 0 0 0
1 0 18 90 1 0 0 0 0 0 0 0 0 0 1
0 0 19 90 0 1 0 0 0 0 0 0 0 0 1
0 0 20 84 1 0 0 0 0 0 0 0 0 0 1
1 0 16 89 0 0 0 0 0 0 0 0 0 1 0
0 0 17 83 0 0 0 0 0 0 0 0 0 0 1
0 0 14 99 1 0 0 0 0 0 0 0 0 0 1
1 0 16 88 0 0 0 0 0 0 0 0 0 0 1
1 0 10 81 0 1 0 0 0 0 0 0 0 0 1
1 0 14 90 1 0 0 0 0 0 0 1 0 0 1
1 0 20 81 1 0 0 0 0 0 0 0 0 0 1
0 0 20 91 0 0 0 0 0 0 0 0 0 0 1
1 0 16 84 1 0 0 0 0 0 0 1 0 0 0
1 0 11 96 1 0 0 0 0 0 0 1 0 0 1
0 0 16 87 0 0 0 0 0 0 0 0 0 0 0
0 0 12 90 0 1 0 0 0 0 0 0 0 0 1
1 0 16 74 1 0 0 0 0 0 0 0 0 0 1
1 0 15 87 0 0 0 0 0 0 0 0 1 0 1
0 0 6 88 1 0 0 0 0 0 0 0 0 0 1
0 0 16 95 1 0 0 0 0 0 0 0 0 0 1
1 0 12 71 0 1 0 0 0 0 0 0 0 0 1
0 0 20 83 1 0 0 0 0 0 0 0 0 0 0
0 0 14 89 1 0 0 0 0 0 0 0 0 0 1
0 0 11 95 0 1 0 0 0 0 0 0 0 0 1
0 0 20 94 1 0 0 0 0 0 0 1 0 0 1
1 0 16 88 0 0 0 0 0 0 0 0 1 0 1
0 0 17 95 1 0 0 0 0 0 0 0 0 0 1
1 0 20 85 0 0 0 0 0 0 0 1 0 0 0
0 0 14 86 1 0 0 0 0 0 0 0 0 0 1
0 0 16 97 0 1 0 0 0 0 0 0 0 0 1
1 0 15 83 0 0 0 0 0 0 0 0 0 0 1
0 0 14 87 1 0 0 0 0 0 0 0 0 0 1
0 0 16 85 0 0 0 0 0 0 0 0 0 0 1
1 0 14 83 0 0 0 0 0 0 0 1 0 0 1
0 0 20 99 1 0 0 0 0 0 0 0 0 0 1
1 0 12 85 0 1 0 0 0 0 0 0 0 0 1
0 0 13 95 1 0 0 0 0 0 0 0 0 0 1
1 0 13 90 0 0 0 0 0 0 0 0 0 0 1
0 0 18 84 1 0 0 0 0 0 0 0 0 0 1
0 0 20 81 1 0 0 0 0 0 0 0 0 0 1
0 0 12 85 1 0 0 0 0 0 0 0 0 0 1
0 0 13 76 1 0 0 0 0 0 0 0 0 0 0
1 0 12 73 1 0 0 0 0 0 0 0 0 0 1
1 0 12 74 0 0 0 0 0 0 0 0 0 0 0
0 0 16 90 1 0 0 0 0 0 0 0 0 0 1
1 0 18 91 1 0 0 0 0 0 0 0 0 0 0
0 0 18 83 0 0 0 0 0 0 0 0 0 0 0
0 0 18 75 1 0 0 0 0 0 0 0 0 0 1
0 0 8 90 0 0 0 0 0 0 0 0 0 0 1
1 0 19 89 0 0 0 0 0 0 0 0 0 0 1
0 0 16 80 0 1 0 0 0 0 0 0 0 0 0
1 0 20 89 0 0 0 0 1 0 0 0 0 0 1
1 0 16 102 0 0 0 0 0 0 0 0 0 0 1
0 0 20 84 0 0 0 0 0 0 0 0 0 0 1
0 0 12 76 0 1 0 0 0 0 0 0 0 0 1
0 0 20 92 0 1 0 0 0 0 0 0 0 0 1
1 1 19 89 0 0 0 0 0 0 0 1 0 0 0
0 0 16 86 1 0 0 0 0 0 0 0 0 0 1
1 0 12 86 0 1 0 0 0 1 0 0 0 0 1
0 0 17 99 1 0 0 0 0 0 0 0 0 0 1
0 0 18 86 1 0 0 0 0 0 0 0 0 0 1
0 0 16 94 0 1 0 0 0 0 0 0 0 0 1
0 0 16 97 1 0 0 0 0 0 0 0 0 0 1
0 0 16 88 1 0 0 0 0 0 0 0 0 0 1
0 0 8 96 1 0 0 0 0 0 0 1 0 0 1
0 0 18 89 0 0 0 0 0 0 0 0 0 0 1
0 0 16 89 0 1 0 0 0 0 0 0 0 0 1
1 0 13 92 1 0 0 0 0 0 0 0 1 0 1
0 0 12 88 0 0 0 0 0 0 0 0 0 0 1
1 0 18 92 1 0 0 0 0 0 0 1 0 0 1
1 0 14 89 0 1 0 0 0 0 0 0 1 0 1
0 0 20 78 1 0 0 0 0 0 0 0 0 0 0
0 0 12 82 1 0 0 0 0 0 0 0 0 0 1
0 0 12 91 1 0 0 0 0 0 0 0 0 0 1
0 0 20 91 0 1 0 0 0 0 0 0 0 0 1
0 0 20 93 1 0 0 0 0 0 0 0 0 0 1
0 0 17 93 0 0 0 0 0 0 0 0 0 0 1
1 0 12 81 1 0 0 0 0 0 0 0 0 0 1
1 0 16 77 1 0 0 0 0 0 0 0 0 0 1
1 0 14 83 0 1 0 0 0 0 0 0 0 0 1
0 0 18 83 0 0 0 0 0 0 0 0 0 0 1
1 0 14 69 0 1 0 0 0 0 0 0 0 0 1
0 0 18 85 0 0 0 0 0 0 0 0 0 0 1
0 0 15 95 1 0 0 0 0 0 0 0 0 0 0
0 0 15 84 0 1 0 0 0 0 0 0 0 0 1
1 0 18 92 0 0 0 0 0 0 0 0 1 0 1
0 0 14 98 0 1 0 0 0 0 0 0 0 0 1
1 0 18 85 1 0 0 0 0 0 0 0 0 0 1
0 0 18 84 0 1 0 0 0 0 0 0 0 0 1
0 0 16 91 1 0 0 0 0 0 0 0 0 0 1
1 1 12 88 1 0 0 0 0 0 0 0 1 0 1
0 0 16 83 0 0 0 0 0 0 0 0 0 0 1
1 0 16 94 1 0 0 0 0 0 0 1 0 0 1
0 0 16 77 0 1 0 0 0 0 0 0 0 0 1
1 0 14 79 0 1 0 0 0 0 0 0 0 0 1
1 0 12 94 0 1 0 0 0 0 0 1 0 0 0
1 0 12 81 0 1 0 0 0 0 0 0 0 0 1
0 0 17 83 0 0 0 0 0 0 0 0 0 1 1
1 0 16 85 0 0 0 0 0 0 0 0 0 1 1
0 0 14 89 0 0 0 0 0 0 0 0 0 0 1
0 1 18 74 1 0 0 0 0 0 0 0 0 0 0
0 0 19 83 1 0 0 0 0 0 0 0 0 0 1
1 1 19 86 1 0 0 0 0 0 0 0 1 0 1
1 0 7 87 0 1 0 0 0 1 0 0 1 0 1
0 0 13 84 0 0 0 0 0 0 0 0 0 0 1
0 0 13 91 0 0 0 0 0 0 0 1 0 0 1
0 0 16 94 1 0 0 0 0 0 0 0 0 0 1
1 0 18 91 1 0 0 0 0 0 0 0 0 0 1
1 0 16 88 0 1 0 0 0 0 0 0 0 0 1
0 1 19 86 0 1 0 0 0 0 0 0 0 0 1
1 0 14 95 0 1 0 0 0 0 0 0 0 0 1
0 0 16 85 1 0 0 0 0 0 0 0 0 0 1
0 0 20 81 0 1 0 0 0 0 0 0 0 0 1
0 0 14 92 0 1 0 0 0 0 0 0 0 0 1
0 0 12 86 1 0 0 0 0 0 0 0 0 0 1
1 0 8 93 1 0 0 0 0 0 0 1 0 0 1
1 0 12 97 0 1 0 0 0 0 0 1 0 0 0
0 0 16 95 0 0 0 0 0 0 0 1 0 0 1
1 0 14 83 0 1 0 0 0 0 0 0 0 0 1
0 0 16 85 0 0 0 0 0 0 0 0 0 0 1
1 0 16 83 0 1 0 0 0 0 0 0 0 0 1
0 0 20 83 0 1 0 0 0 0 0 0 0 0 1
1 0 10 86 0 0 0 0 0 0 0 0 0 0 1
0 0 14 91 1 0 0 0 0 0 0 0 0 0 1
1 0 13 88 0 0 0 0 0 0 0 0 0 0 1
0 0 12 99 1 0 0 0 0 0 0 0 0 0 1
1 0 16 89 0 1 0 0 0 0 0 1 0 0 1
1 1 15 76 0 1 0 0 0 0 0 1 0 0 1
0 0 16 83 1 0 0 0 0 0 0 0 0 0 1
0 0 19 91 1 0 0 0 0 0 0 0 0 0 1
0 0 13 76 1 0 0 0 0 0 0 0 0 0 1
0 0 14 85 1 0 0 0 0 0 0 0 0 0 1
0 0 16 95 0 1 0 0 0 0 0 0 0 0 1
1 0 9 91 1 0 0 0 0 0 0 1 0 0 0
1 0 16 89 0 1 0 0 0 0 0 0 0 0 0
0 0 18 85 0 0 0 0 0 0 0 0 0 0 0
0 0 16 82 0 0 0 0 0 0 0 0 0 0 1
1 0 12 97 0 1 0 0 0 0 0 1 0 0 1
0 0 16 92 0 0 0 0 0 0 0 0 0 0 1
1 0 12 84 1 0 0 0 0 0 0 0 0 0 1
1 0 18 96 0 1 0 0 0 0 0 0 0 1 1
0 0 16 99 0 1 0 0 0 0 0 0 0 0 1
0 1 12 87 1 0 0 0 0 0 0 0 0 0 1
0 1 13 72 1 0 0 0 0 0 0 0 0 0 0
0 0 16 97 1 0 0 0 0 0 0 1 0 0 1
0 0 16 99 1 0 0 0 0 0 0 0 0 0 1
1 0 12 85 0 0 0 0 0 0 0 1 0 0 1
0 0 15 91 0 0 0 0 0 0 0 0 0 0 0
0 0 10 85 1 0 0 0 0 0 0 0 0 0 1
1 0 13 92 0 0 0 0 0 0 0 1 0 0 1
0 0 16 84 1 0 0 0 0 0 0 0 0 0 1
1 0 16 95 1 0 0 0 0 0 0 0 0 0 1
0 0 16 80 1 0 0 0 0 0 0 0 0 0 1
0 0 17 81 1 0 0 0 0 0 0 0 0 0 1
1 0 14 90 1 0 0 0 0 0 0 0 0 0 1
1 0 16 78 1 0 0 0 0 0 0 0 0 0 1
1 0 16 88 0 0 0 0 0 1 0 0 0 0 1
0 0 14 84 1 0 0 0 1 0 0 0 0 0 1
0 0 13 96 1 0 0 0 0 0 0 0 0 0 1
1 0 16 88 0 0 0 0 0 0 0 0 0 1 1
1 0 15 83 0 0 0 0 0 0 0 0 0 0 0
1 0 8 85 1 0 0 0 0 0 0 0 0 0 0
1 0 16 84 0 1 0 0 0 0 0 0 0 1 1
1 1 14 71 1 0 0 0 0 0 0 0 0 0 1
1 0 12 91 0 1 0 0 0 0 0 0 0 0 1
1 0 12 85 1 0 0 0 0 0 0 0 1 0 1
0 0 16 89 0 0 0 0 0 0 0 0 0 0 1
1 1 12 95 0 0 0 0 0 0 0 0 0 0 1
1 0 16 92 0 0 0 0 0 0 0 1 0 0 1
0 0 16 96 1 0 0 0 0 0 0 0 0 0 1
1 0 12 77 1 0 0 0 0 0 0 1 0 0 1
1 0 20 100 0 0 0 0 0 0 0 1 0 0 1
1 0 16 75 1 0 0 0 0 0 0 0 0 0 1
1 0 18 81 1 0 0 0 1 0 0 0 1 0 1
1 0 18 86 1 0 0 0 0 1 0 1 0 0 1
1 0 15 68 1 0 0 0 0 0 0 0 0 0 1
0 0 12 86 1 0 0 0 0 0 0 0 0 0 1
0 0 16 92 0 1 0 0 0 0 0 0 0 0 1
0 0 10 82 1 0 0 0 0 1 0 0 1 0 1
0 0 18 74 1 0 0 0 0 0 0 0 0 0 0
1 0 12 92 0 0 0 0 0 0 0 0 0 0 0
0 0 19 83 1 0 0 0 0 0 0 0 0 0 1
0 0 12 80 1 0 0 0 0 0 0 0 0 0 0
0 0 14 95 0 0 0 0 0 0 0 0 0 0 1
0 0 12 81 1 0 0 0 0 0 0 0 0 0 1
0 0 12 86 1 0 0 0 0 0 0 0 0 0 1
1 0 16 83 0 0 0 0 0 0 0 0 0 0 1
1 0 20 95 1 0 0 0 0 0 0 0 0 0 0
0 0 14 94 0 1 0 0 0 0 0 0 0 0 1
0 0 16 87 1 0 0 0 0 0 0 0 0 0 1
1 0 14 98 0 0 0 0 0 0 0 1 0 0 1
0 0 16 87 1 0 0 0 0 0 0 0 0 0 1
1 1 10 82 0 0 0 0 0 0 0 0 0 0 1
1 0 16 94 0 1 0 0 0 0 0 0 0 0 1
1 0 14 85 1 0 0 0 0 0 0 0 0 0 1
0 0 12 84 1 0 0 0 0 0 0 0 0 0 1
1 0 13 94 1 0 0 0 0 0 0 0 0 0 0
0 0 17 85 1 0 0 0 0 1 0 0 0 0 1
0 0 18 97 0 0 0 0 0 0 0 0 0 0 1
1 0 13 93 1 0 0 0 0 0 0 0 0 0 1
1 0 14 81 1 0 0 0 0 0 0 0 0 0 1
1 0 16 90 0 1 0 0 0 0 1 0 0 0 1
1 0 7 76 0 1 0 0 0 1 0 0 0 0 0
0 0 9 86 1 0 0 0 0 0 0 0 1 0 1
0 0 16 76 1 0 0 0 0 1 0 0 0 0 1
0 0 16 85 1 0 0 0 0 0 0 0 0 0 1
0 0 16 84 0 0 0 0 0 0 0 0 0 0 1
0 0 20 89 0 0 0 0 0 1 0 0 1 0 1
0 0 18 82 0 0 0 0 0 0 0 0 0 0 0
0 0 16 89 0 0 0 0 0 0 0 0 0 0 1
0 0 20 88 1 0 0 0 0 0 0 0 0 0 1
0 0 12 85 1 0 0 0 0 0 0 0 0 0 0
0 0 18 98 0 1 0 0 0 0 0 0 0 0 1
1 0 16 96 0 0 0 0 0 0 0 1 0 0 1
1 0 16 92 1 0 0 0 0 0 0 0 1 0 1
0 0 14 88 0 0 0 0 0 0 0 0 0 0 1
0 0 14 93 0 0 0 0 0 0 0 1 0 0 1
1 0 18 90 1 0 0 0 0 0 0 0 0 0 0
1 0 13 76 1 0 0 0 0 0 0 0 0 0 1
1 0 18 67 1 0 0 0 0 0 0 0 0 0 1
1 0 12 90 0 1 0 0 0 0 0 0 0 0 1
1 0 16 103 0 1 0 0 0 0 0 1 0 0 0
1 0 20 92 1 0 0 0 0 0 0 0 0 0 1
0 0 12 82 0 1 0 0 0 0 0 0 1 0 1
0 0 14 81 0 1 0 0 0 1 0 0 0 0 1
1 0 18 88 0 0 0 0 0 0 0 0 0 0 1
1 0 12 86 1 0 0 0 0 0 0 1 0 0 1
0 0 17 84 1 0 0 0 0 0 0 0 0 0 1
0 0 16 88 0 0 0 0 0 0 0 0 0 0 1
0 0 20 86 1 0 0 0 0 0 0 0 0 0 1
0 0 20 90 0 0 0 0 0 1 0 0 0 1 1
1 0 15 96 0 0 0 0 0 1 0 1 0 0 1
0 0 18 70 1 0 0 0 0 0 0 0 0 0 0
1 0 13 90 0 0 0 0 0 0 0 1 0 0 1
1 0 13 82 0 1 0 0 0 0 0 0 0 0 1
1 0 14 99 0 0 0 0 0 0 0 1 0 0 0
1 0 18 89 0 0 0 0 0 0 0 0 0 0 1
0 0 12 80 0 1 0 0 0 0 0 0 0 0 1
1 0 12 81 0 1 0 0 0 0 0 0 0 0 0
1 0 7 89 1 0 0 0 0 0 0 0 0 0 1
0 0 20 79 1 0 0 0 0 0 0 0 0 0 0
1 0 18 89 1 0 0 0 0 0 0 0 1 0 1
0 0 18 96 1 0 0 0 0 0 0 0 0 0 1
1 0 18 85 1 0 0 0 0 0 0 1 0 0 0
0 0 18 87 1 0 0 0 0 0 0 0 0 0 1
0 0 20 99 0 0 0 0 0 0 0 1 0 0 0
0 1 19 85 0 1 0 0 0 0 0 0 0 0 1
0 0 20 95 1 0 0 0 0 0 0 0 0 0 1
0 0 11 83 1 0 0 0 0 0 0 0 0 0 1
0 0 18 83 0 1 0 0 0 0 0 0 0 0 1
0 0 16 80 1 0 0 0 0 0 0 0 0 0 1
0 0 13 77 0 1 0 0 0 0 0 0 0 0 1
1 0 14 94 1 0 0 0 0 0 0 0 0 0 1
0 0 20 83 1 0 0 0 0 0 0 0 0 0 1
1 0 16 87 1 0 0 0 0 0 0 0 0 0 1
1 0 8 81 1 0 0 0 0 0 0 0 0 0 1
0 0 10 82 1 0 0 0 0 0 0 0 0 0 1
0 0 15 96 0 1 0 0 0 0 0 1 0 0 1
1 0 13 83 0 1 0 0 0 0 0 0 0 0 0
1 0 18 73 1 0 0 0 0 1 0 0 1 0 1
0 0 12 94 0 1 0 0 0 0 0 0 0 0 1
1 0 19 90 0 0 0 0 0 1 0 1 0 0 1
0 0 13 84 1 0 0 0 0 0 0 0 0 0 1
0 0 14 85 1 0 0 0 0 0 0 0 0 0 1
1 0 13 71 1 0 0 0 0 0 0 0 0 0 0
1 0 18 77 1 0 0 0 0 0 0 0 0 0 1
1 1 15 97 1 0 0 0 0 0 0 1 0 0 1
0 0 18 79 1 0 0 0 0 0 0 0 0 0 1
0 0 15 95 1 0 0 0 0 0 0 0 0 0 1
0 0 16 82 1 0 0 0 0 0 0 0 0 0 1
0 0 18 90 0 1 0 0 0 0 0 0 0 0 1
0 1 19 93 1 0 0 0 0 0 0 0 0 0 1
0 0 20 96 0 1 0 0 0 0 0 0 0 0 1
1 0 13 81 0 1 0 0 0 0 0 0 0 0 1
1 1 16 84 0 1 0 0 0 0 0 0 0 0 1
0 1 20 93 0 0 0 0 0 0 0 0 0 0 0
0 0 18 100 1 0 0 0 1 0 0 0 0 0 1
0 0 16 83 0 1 0 0 0 0 0 0 0 0 0
0 0 16 86 1 0 0 0 0 0 0 0 0 0 1
0 0 20 88 0 0 0 0 0 0 0 0 0 0 1
1 0 12 92 0 1 0 0 0 0 0 1 0 0 1
0 0 18 85 1 0 0 0 0 0 0 0 0 0 1
1 0 15 84 0 0 0 0 0 0 0 0 0 0 1
1 0 15 91 0 0 0 0 0 1 0 1 0 0 1
1 0 12 83 0 1 0 0 0 0 0 0 0 0 1
1 0 16 84 0 1 0 0 0 0 0 0 0 0 0
0 0 18 95 1 0 0 0 0 0 0 0 0 0 1
1 0 18 86 1 0 0 0 0 0 0 1 0 0 1
1 0 17 89 0 1 0 0 0 0 0 0 0 0 1
1 0 12 91 0 1 0 0 0 0 0 0 1 0 1
1 0 12 90 1 0 0 0 0 1 0 1 0 0 1
0 0 18 95 1 0 0 0 0 0 0 0 0 0 1
1 0 18 81 1 0 0 0 0 0 0 0 0 0 1
0 0 12 94 1 0 0 0 0 0 0 0 0 0 1
0 0 18 88 1 0 0 0 0 0 0 0 0 0 1
1 0 20 89 1 0 0 0 0 0 0 1 0 0 0
1 0 18 68 1 0 0 0 0 0 0 0 0 0 1
1 0 14 88 1 0 0 0 0 0 0 1 0 0 1
1 1 16 87 0 0 0 0 0 0 0 0 1 0 1
1 0 18 83 1 0 0 0 0 0 0 0 0 0 1
1 0 20 91 0 0 0 0 0 0 0 0 1 0 1
0 0 14 87 1 0 0 0 0 0 0 0 0 0 0
1 0 18 93 0 1 0 0 0 0 0 0 0 0 1
0 0 12 79 1 0 0 0 0 0 0 0 0 0 1
0 0 18 96 1 0 0 0 1 0 0 0 0 0 1
0 0 13 89 0 1 0 0 0 0 0 0 0 0 1
1 0 14 81 1 0 0 0 0 0 0 1 0 0 1
0 0 20 96 1 0 0 0 0 0 0 0 0 1 0
1 0 8 83 0 1 0 0 0 0 0 0 0 0 1
0 0 18 88 0 1 0 0 0 0 0 0 0 0 1
0 0 20 69 1 0 0 0 0 0 0 0 0 0 1
1 0 12 96 0 1 0 0 0 1 0 0 0 0 1
0 0 16 91 0 1 0 0 0 0 0 0 0 1 1
1 0 16 81 0 1 0 0 0 0 0 0 0 0 0
0 0 19 93 1 0 0 0 0 0 0 0 0 0 0
1 0 16 93 1 0 0 0 0 0 0 0 1 0 1
1 0 18 84 0 0 0 0 0 0 0 0 0 1 1
0 0 13 85 0 1 0 0 0 0 0 0 1 0 0
0 0 12 83 0 1 0 0 0 0 0 0 0 0 1
0 0 13 84 1 0 0 0 0 0 0 0 0 0 1
1 0 18 88 1 0 0 0 0 0 0 0 0 0 1
0 0 16 92 1 0 0 0 0 1 0 0 0 0 1
1 0 16 76 0 1 0 0 0 0 0 0 0 0 1
0 1 16 74 0 1 0 0 0 0 0 0 0 0 1
0 0 12 95 1 0 0 0 0 0 0 1 0 0 1
0 0 12 88 1 0 0 0 0 0 0 0 0 0 1
1 0 18 93 1 0 0 0 0 0 0 0 0 0 1
1 0 13 88 0 0 0 0 0 0 0 0 0 0 1
0 0 16 90 0 0 0 0 0 0 0 0 0 0 1
1 0 14 81 0 1 0 0 0 0 0 1 0 0 1
0 0 18 96 0 0 0 0 0 0 0 0 0 0 1
0 0 20 88 0 0 0 0 0 0 0 0 0 0 1
1 1 20 94 0 0 0 0 0 0 0 0 0 0 1
0 1 13 70 1 0 0 0 0 1 0 0 0 0 1
0 0 16 96 0 0 0 0 0 0 0 0 0 0 1
1 0 16 87 0 1 0 0 1 0 0 0 0 1 1
0 0 18 89 0 0 0 0 0 0 0 0 0 0 0
0 0 15 95 0 0 0 0 0 0 0 0 0 0 1
0 0 17 89 1 0 0 0 0 0 0 0 0 0 0
0 0 19 95 0 1 0 0 0 0 0 0 0 0 1
0 1 14 84 0 0 0 0 0 0 0 0 0 0 1
1 0 18 83 0 1 0 0 0 0 0 0 0 0 1
0 0 17 86 1 0 0 0 0 0 0 0 0 0 1
0 1 14 98 1 0 0 0 0 0 0 1 0 0 1
1 0 17 87 0 0 0 0 0 0 0 0 0 0 1
1 0 16 86 1 0 0 0 0 0 0 0 0 0 1
0 0 16 90 1 0 0 0 0 0 0 0 0 0 1
1 0 16 79 1 0 0 0 0 0 0 0 0 0 0
1 0 16 97 1 0 0 0 0 0 0 0 0 0 1
0 0 6 83 0 1 0 0 0 0 0 0 0 0 1
1 0 16 85 0 0 0 0 0 1 0 1 0 0 0
0 0 16 93 1 0 0 0 0 0 0 0 0 0 1
0 0 20 88 1 0 0 0 0 0 0 0 0 0 1
1 0 12 76 1 0 0 0 0 0 0 0 0 0 1
1 1 12 95 1 0 0 0 0 0 0 1 0 0 1
1 0 14 84 0 0 0 0 0 0 0 0 0 0 1
1 0 16 78 1 0 0 0 0 0 0 0 0 0 0
1 0 19 83 0 0 0 0 1 0 0 0 0 0 1
0 0 16 89 1 0 0 0 0 0 0 0 0 0 1
0 0 14 90 1 0 0 0 0 0 0 0 0 0 1
1 0 14 83 1 0 0 0 0 0 0 0 0 0 0
0 0 14 84 1 0 0 0 0 0 0 0 0 0 1
1 0 9 84 1 0 0 0 0 0 0 0 0 0 0
1 0 12 91 0 1 0 0 0 0 0 0 0 0 1
1 0 15 82 0 0 0 0 0 0 0 0 0 0 0
1 0 10 85 0 0 0 0 0 1 0 0 0 0 1
1 0 13 86 0 0 0 0 0 0 0 0 1 0 0
1 0 14 74 0 1 0 0 0 0 0 0 0 0 1
0 0 11 96 0 1 0 0 0 0 0 0 0 0 1
1 1 16 88 1 0 0 0 0 0 0 1 0 0 0
0 0 18 96 0 1 0 0 0 0 0 0 0 0 1
0 0 16 83 1 0 0 0 0 0 0 0 0 0 0
1 0 16 83 0 0 0 0 0 0 0 0 0 0 1
1 0 12 84 0 1 0 0 0 0 0 0 1 0 1
1 0 12 76 0 1 0 0 0 0 0 0 0 0 1
1 0 8 94 1 0 0 0 0 0 0 0 1 0 1
0 0 20 94 1 0 0 0 0 0 0 0 0 0 1
0 0 20 85 1 0 0 0 0 0 0 0 0 0 0
0 0 16 83 1 0 0 0 0 0 0 0 0 0 1
1 0 20 90 1 0 0 0 0 0 0 1 0 0 0
1 0 14 83 0 0 0 0 0 0 0 0 0 1 0
0 0 11 98 1 0 0 0 0 0 0 1 0 0 0
1 0 16 80 1 0 0 0 0 0 0 0 0 0 1
1 0 14 82 0 0 0 0 0 0 0 0 0 0 1
1 0 16 89 0 1 0 0 0 0 0 0 0 0 1
1 0 12 88 1 0 0 0 0 0 0 0 0 0 1
0 0 16 71 0 1 0 0 0 0 0 0 0 0 1
0 0 16 97 1 0 0 0 0 0 0 0 0 0 1
1 0 18 91 0 1 0 0 0 0 0 0 0 0 1
1 1 19 87 0 0 0 0 0 0 0 0 1 0 1
1 0 12 89 0 1 0 0 0 0 0 1 0 0 1
1 0 8 91 0 1 0 0 0 0 0 1 0 0 0
0 0 16 88 1 0 0 0 0 0 0 0 0 0 1
0 0 16 88 1 0 0 0 0 0 0 0 0 0 1
0 0 10 91 1 0 0 0 0 0 0 0 0 0 1
0 0 16 88 1 0 0 0 0 0 0 0 0 0 1
0 0 12 88 0 1 0 0 0 0 0 0 0 0 1
0 0 14 83 1 0 0 0 0 0 0 0 0 0 1
1 1 12 85 1 0 0 0 0 0 0 0 0 0 1
1 0 18 84 0 0 0 0 0 0 0 0 0 0 1
1 0 8 86 0 1 0 0 0 0 0 0 0 0 1
1 0 14 86 0 0 0 0 0 0 0 0 0 0 0
1 0 13 87 0 1 0 0 0 0 0 0 0 0 1
0 0 14 91 0 1 0 0 0 0 0 0 0 0 1
1 0 16 81 1 0 0 0 0 0 0 0 0 0 1
0 0 12 80 1 0 0 0 0 0 0 0 0 0 1
1 0 16 92 1 0 0 0 0 0 0 1 0 0 1
1 0 14 95 1 0 0 0 0 0 0 1 0 0 1
1 0 18 94 1 0 0 0 0 0 0 0 0 0 1
0 0 20 95 1 0 0 0 0 0 0 0 0 0 1
1 0 12 83 1 0 0 0 0 0 0 0 0 1 1
0 0 18 78 1 0 0 0 0 0 0 0 0 0 1
0 0 12 73 1 0 0 0 0 0 0 0 0 0 0
1 0 11 88 1 0 0 0 0 0 0 0 0 0 1
0 0 15 76 0 1 0 0 0 0 0 0 0 0 1
0 1 16 83 0 1 0 0 0 0 0 0 0 0 1
0 1 13 96 1 0 0 0 0 0 0 0 0 0 1
1 0 13 91 0 1 0 0 0 0 0 0 0 0 1
1 0 20 94 1 0 0 0 0 0 0 0 0 1 1
1 0 12 83 0 1 0 0 0 0 0 0 0 0 0
0 0 13 76 1 0 0 0 0 1 0 0 1 0 1
0 0 12 84 1 0 0 0 0 0 0 0 0 0 1
1 0 18 83 1 0 0 0 0 0 0 0 0 0 1
1 0 12 83 1 0 0 0 0 0 0 0 0 0 1
0 0 16 97 1 0 0 0 0 0 0 0 0 0 1
1 0 16 70 0 1 0 0 0 1 0 0 0 0 0
0 0 18 82 1 0 0 0 0 0 0 0 0 0 1
1 0 12 81 1 0 0 0 0 0 0 1 0 0 1
0 0 4 85 1 0 0 0 0 0 1 0 0 0 1
1 0 18 87 0 1 0 0 0 0 0 0 1 0 1
0 0 10 96 0 1 0 0 0 0 0 0 0 0 1
0 0 20 87 0 1 0 0 0 0 0 0 0 0 1
0 0 16 94 0 1 0 0 0 0 0 0 0 0 1
1 0 16 73 1 0 0 0 0 0 0 0 1 0 0
0 0 8 99 0 1 0 0 0 0 0 0 0 0 1
0 0 12 96 1 0 0 0 0 0 0 0 0 0 1
0 1 16 76 0 1 0 0 0 0 0 0 0 0 1
0 0 16 83 1 0 0 0 0 0 0 0 0 0 1
1 0 12 81 0 1 0 0 0 1 0 0 0 0 0
0 0 20 97 1 0 0 0 0 0 0 0 0 0 1
0 1 18 87 1 0 0 0 0 0 0 0 0 0 1
0 0 12 96 0 1 0 0 0 0 0 0 0 0 1
0 1 18 94 1 0 0 0 0 0 0 1 0 0 1
0 0 18 88 1 0 0 0 0 0 0 0 0 0 1
1 1 18 66 0 1 0 0 0 0 0 0 0 0 1
1 0 16 89 1 0 0 0 0 0 0 0 0 0 0
0 0 20 81 0 1 0 0 0 0 0 0 0 0 0
1 0 18 72 1 0 0 0 0 0 0 0 0 0 1
1 0 16 86 1 0 0 0 0 1 0 0 1 0 1
0 0 16 82 1 0 0 0 0 0 0 0 0 0 1
0 0 15 77 0 1 0 0 0 0 0 0 1 0 1
0 0 17 85 1 0 0 0 0 0 0 0 0 0 1
0 0 16 70 1 0 0 0 0 0 0 0 0 0 0
0 0 18 85 1 0 0 0 0 0 0 0 0 0 1
0 1 12 74 1 0 0 0 0 0 0 0 0 0 0
0 0 17 89 1 0 0 0 0 0 0 0 0 0 1
1 0 16 92 1 0 0 0 0 0 0 1 0 0 1
1 1 12 85 1 0 0 0 0 0 0 1 0 0 1
0 0 19 80 1 0 0 0 0 0 0 0 0 0 1
1 0 16 86 1 0 0 0 0 0 0 0 1 0 1
0 0 18 94 1 0 0 0 0 0 0 0 0 0 1
1 0 12 80 1 0 0 0 0 0 0 1 0 0 1
1 0 12 94 0 1 0 0 0 0 0 1 0 0 1
0 0 12 93 0 1 0 0 0 0 0 0 0 0 1
0 0 15 92 1 0 0 0 0 0 0 0 0 0 1
0 0 7 98 1 0 0 0 0 0 0 1 0 0 1
0 0 16 94 0 1 0 0 0 0 0 0 0 1 1
0 0 16 84 1 0 1 0 0 0 0 0 0 0 0
0 0 18 83 1 0 1 0 0 0 0 0 0 0 1
0 1 16 70 1 0 1 0 0 0 0 0 0 0 0
0 1 13 73 1 0 1 0 0 0 0 0 0 0 0
0 0 16 77 1 0 1 0 0 0 0 0 0 0 1
0 0 14 83 1 0 1 0 0 0 0 0 0 0 1
1 0 18 70 1 0 1 0 0 0 0 0 0 0 1
1 0 14 75 1 0 1 0 0 0 0 0 0 0 1
0 0 16 78 1 0 1 0 0 0 0 0 0 0 1
1 0 16 79 1 0 1 0 0 0 0 0 1 0 1
1 0 18 74 1 0 1 0 0 0 0 0 0 0 0
1 0 14 76 1 0 1 0 0 0 0 0 0 0 1
0 0 12 92 1 0 1 0 0 0 0 0 0 0 1
0 0 20 90 1 0 1 0 0 0 0 0 0 0 0
1 0 19 63 1 0 1 0 0 0 0 0 1 0 0
1 1 15 81 1 0 1 0 0 0 0 0 0 0 1
0 1 16 70 1 0 1 0 0 0 0 0 0 0 0
0 0 18 77 1 0 1 0 0 0 0 0 0 1 0
0 0 19 73 1 0 1 0 0 0 0 0 0 0 0
1 0 18 86 1 0 1 0 0 0 0 0 0 0 1
1 0 12 82 1 0 1 0 0 0 0 1 0 0 1
1 0 13 86 1 0 1 0 0 0 0 0 0 0 1
0 0 19 67 1 0 1 0 0 0 0 0 0 0 0
1 0 18 71 1 0 1 0 0 0 0 0 0 0 0
1 0 20 81 1 0 0 1 0 0 0 0 1 0 1
1 0 12 76 1 0 0 1 0 0 0 0 0 0 1
0 0 16 88 1 0 0 1 0 0 0 0 0 0 1
0 0 13 92 0 0 0 1 0 0 0 0 0 0 1
0 1 11 83 1 0 0 1 0 0 0 0 0 0 1
0 0 18 83 1 0 0 1 0 0 0 1 0 0 1
1 0 20 72 1 0 0 1 0 0 0 0 1 0 0
1 0 18 75 0 0 0 1 0 0 0 1 0 0 1
1 0 12 80 1 0 0 1 0 0 0 0 0 0 1
1 1 14 95 1 0 0 1 0 0 0 1 0 0 1
0 0 14 79 0 0 0 1 0 0 0 0 0 0 1
0 0 20 86 0 1 0 1 0 0 0 0 0 0 1
0 0 12 80 0 0 0 1 0 0 0 0 0 0 1
1 0 16 76 1 0 0 1 0 0 0 0 0 0 1
1 0 12 77 0 0 0 1 0 0 0 1 0 0 1
1 0 15 80 1 0 0 1 0 0 0 0 0 0 1
0 0 16 66 1 0 0 1 0 0 0 0 0 0 1
1 0 18 88 1 0 0 1 0 0 0 0 0 0 1
0 0 16 88 0 0 0 1 0 0 0 0 0 0 1
0 0 20 77 0 0 0 1 0 0 0 0 0 0 1
0 0 16 71 1 0 0 1 0 0 0 0 0 0 0
0 1 16 79 0 0 0 1 0 0 0 0 0 1 1
0 1 20 81 1 0 0 1 0 0 0 0 0 0 1
1 0 15 70 1 0 0 1 0 0 0 0 0 0 1
0 0 16 81 1 0 0 1 0 0 0 0 0 0 1
1 0 12 84 1 0 0 1 0 0 0 0 0 0 1
1 0 16 87 1 0 0 1 0 0 0 0 0 0 1
0 0 20 83 1 0 0 1 0 0 0 0 0 0 1
1 0 18 79 1 0 0 1 0 0 0 0 0 0 1
1 0 18 84 0 0 0 1 0 0 0 0 0 0 1
1 0 14 70 1 0 0 1 0 0 0 0 0 0 1
0 0 17 91 0 0 0 1 0 0 0 0 0 0 1
0 0 16 86 0 0 0 1 0 0 0 0 0 0 1
0 0 16 83 1 0 0 1 0 0 0 0 0 0 1
1 0 17 61 1 0 0 1 0 0 0 0 0 0 0
1 0 16 82 0 0 0 1 0 0 0 0 1 0 1
0 0 20 80 0 0 0 1 0 0 0 0 1 0 0
0 0 19 85 1 0 0 1 0 0 0 0 0 0 1
0 0 16 81 1 0 0 1 0 0 0 0 0 0 0
0 0 18 88 1 0 0 1 0 0 0 0 0 0 1
1 1 15 77 0 0 0 1 0 0 0 0 0 0 1
0 0 18 84 1 0 0 1 0 0 0 0 0 0 1
1 0 19 74 1 0 0 1 0 0 0 0 1 0 0
1 0 16 68 1 0 0 1 0 0 0 0 0 0 0
0 0 16 86 0 0 0 1 0 0 0 0 0 0 1
1 0 14 89 0 1 0 1 0 0 0 0 0 0 1
0 0 20 81 1 0 0 1 0 0 0 0 1 0 1
0 0 18 85 0 1 0 1 0 0 0 0 0 0 1
1 0 16 74 1 0 0 1 0 0 0 0 0 0 1
0 0 16 74 0 0 0 1 0 0 0 0 0 0 1
0 0 18 84 1 0 0 1 0 0 0 0 0 0 1
0 0 19 91 1 0 0 1 0 0 0 0 0 0 1
0 0 20 79 1 0 0 1 1 0 0 0 0 1 1
1 0 14 76 0 0 0 1 0 0 0 0 0 1 1
1 0 16 76 0 0 0 1 0 0 0 0 0 1 0
0 0 20 72 1 0 0 1 0 0 0 0 0 0 1
0 0 17 93 0 1 0 1 0 0 0 0 0 0 1
1 0 12 78 0 1 0 1 0 0 0 0 0 0 1
0 0 12 73 0 1 0 1 0 0 0 0 0 0 1
0 0 20 84 1 0 0 1 0 0 0 0 0 0 1
0 0 17 75 1 0 0 1 0 0 0 0 0 0 1
1 0 19 70 1 0 0 1 0 0 0 0 0 0 1
0 1 16 76 1 0 0 1 0 0 0 0 0 0 1
1 1 17 81 1 0 0 1 0 0 0 0 1 0 1
0 0 15 92 1 0 0 1 0 0 0 0 0 0 1
1 0 18 76 1 0 0 1 0 0 0 0 0 0 1
0 0 16 78 1 0 0 1 0 0 0 0 0 0 1
0 0 14 74 1 0 0 1 0 0 0 0 0 0 1
0 0 19 62 1 0 0 1 0 0 0 0 0 0 0
0 0 16 80 1 0 0 1 0 0 0 0 0 0 1
1 0 14 92 0 1 0 1 0 1 0 0 0 0 1
0 0 16 85 0 0 0 1 0 0 0 0 0 0 0
1 0 18 72 1 0 0 1 0 0 0 0 1 0 1
1 0 20 70 1 0 0 1 0 0 0 0 0 0 1
0 0 12 80 0 1 0 1 0 0 0 0 0 0 1
0 0 12 83 1 0 0 1 0 0 0 0 0 0 1
0 0 20 80 1 0 0 1 0 0 0 0 0 0 0
1 0 12 74 1 0 0 1 0 0 0 0 0 0 1
0 1 20 81 1 0 0 1 0 0 0 0 0 0 1
1 0 12 72 1 0 0 1 0 0 0 0 0 0 1
1 0 18 75 0 1 0 1 1 0 0 0 0 0 1
1 0 18 75 1 0 0 1 0 0 0 0 1 0 1
0 0 12 81 1 0 0 1 0 0 0 0 0 0 1
0 0 14 80 1 0 0 1 0 0 0 0 0 0 0
0 0 20 65 1 0 0 1 0 0 0 0 0 0 1
0 0 16 85 0 1 0 1 0 0 0 0 0 0 1
0 0 18 82 0 1 0 1 0 0 0 0 0 0 1
1 0 12 79 0 1 0 1 0 0 0 0 0 0 1
1 0 14 81 0 1 0 1 0 0 0 0 0 0 1
0 0 20 70 1 0 0 1 0 0 0 0 0 0 0
0 0 14 84 0 1 0 1 0 1 0 0 0 0 1
1 0 18 74 0 1 0 1 0 0 0 0 0 0 1
1 0 18 70 0 1 0 1 1 0 0 0 0 0 1
0 0 17 79 0 1 0 1 0 0 0 0 0 0 1
1 0 18 82 0 0 0 1 0 1 0 1 0 0 1
1 0 18 80 0 1 0 1 0 0 0 0 0 0 1
0 0 19 86 0 1 0 1 0 0 0 1 0 0 0
1 0 20 82 0 0 0 1 0 0 0 0 0 0 1
0 0 19 66 0 1 0 1 1 0 0 0 0 0 0
1 0 18 78 0 1 0 1 0 0 0 0 0 0 1
1 0 20 72 0 0 0 1 0 0 0 0 0 0 0
1 0 20 74 0 0 0 1 0 0 0 0 0 1 1
1 0 17 78 0 1 0 1 0 0 0 0 0 0 1
0 0 20 90 0 1 0 1 0 1 0 0 0 0 1
0 0 20 83 0 1 0 1 0 0 0 0 0 0 1
0 0 18 76 0 0 0 1 0 0 0 0 0 0 0
0 0 18 79 0 0 0 1 0 0 0 0 0 0 1
1 0 18 83 0 0 0 1 0 0 0 1 0 0 1
1 0 18 80 0 0 0 1 0 0 0 0 0 0 1
1 1 8 75 0 0 0 1 0 0 0 0 0 0 1
1 0 12 83 0 1 0 1 0 0 0 0 0 0 1
0 0 16 72 0 0 0 1 0 1 0 0 0 1 0
